AssetTypeString: AssetType::MaterialAsset
AssetType: 3
ID: 27537
Ambient: [0, 0.404223144, 0.911290348]
Diffuse: [1, 0.846773803, 0]
Specular: [0.838709712, 1, 0]