AssetTypeString: AssetType::MaterialAsset
AssetType: 3
ID: 27537
Ambient: [0.78039217, 0.988235295, 0]
Diffuse: [1, 0.846773803, 0]
Specular: [0.838709712, 1, 0]