AssetTypeString: AssetType::MaterialAsset
AssetType: 3
ID: 7631
Ambient: [0, 0.511918783, 1]
Diffuse: [1, 1, 0]
Specular: [0.600806475, 0.600806057, 0.222879827]