AssetTypeString: AssetType::MaterialAsset
AssetType: 3
ID: 7631
Ambient: [0.5, 0.0500000007, 0]
Diffuse: [0.5, 0.5, 0.400000006]
Specular: [0.699999988, 0.699999988, 0.0399999991]