AssetType: Material
ID: 3676627569175275034
AlbedoColour: [0.887096763, 0.0965790972, 0.0965790972]
Roughness: 0.400000006
Metallness: 0
Emission: 0
Tiling: [1, 1]
NormalTextureToggle: false
Offset: [0, 0]
AlbedoTexture: 0
NormalTexture: 0
MetallicTexture: 0
RoughnessTexture: 0