AssetType: Material
ID: 16233326068385086713
AlbedoColour: [0.0362903476, 0.0358513519, 0.0358513519]
Roughness: 1
Metallness: 0
Tiling: [0, 0]
Offset: [0, 0]
AlbedoTexture: 0
NormalTexture: 0
MetallicTexture: 0
RoughnessTexture: 0