AssetType: Material
ID: 16233326068385086713
AlbedoColour: [0.0362903476, 0.0358513519, 0.0358513519]
Roughness: 1
Metallness: 0
UsePBR: false