AssetType: Material
ID: 16233326068385086713
AlbedoColour: [0, 0, 0]
Roughness: 0.238999993
Metallness: 0.493999988
Tiling: [0, 0]
Offset: [0, 0]
AlbedoTexture: 0
NormalTexture: 0
MetallicTexture: 0
RoughnessTexture: 0