AssetType: Material
ID: 5642053961336929036
AlbedoColour: [0.133162096, 0.432418704, 0.84677422]
Roughness: 0
Metallness: 0