AssetType: Material
ID: 5642053961336929036
AlbedoColour: [0.262745112, 0.360784322, 0.850980401]
Roughness: 0.238999993
Metallness: 0.493999988
Tiling: [0, 0]
Offset: [0, 0]
AlbedoTexture: 0
NormalTexture: 0
MetallicTexture: 0
RoughnessTexture: 0