AssetType: Material
ID: 5642053961336929036
AlbedoColour: [0.454732388, 0.410461068, 0.544354796]
Roughness: 0
Metallness: 0