AssetType: Material
ID: 5642053961336929036
AlbedoColour: [0, 0.419355154, 1]
Roughness: 0.481999993
Metallness: 0