AssetType: Material
ID: 5634022354863745560
AlbedoColour: [0.155767828, 0.814516127, 0.128089249]
Roughness: 1
Metallness: 0
UsePBR: false