AssetType: Material
ID: 5634022354863745560
AlbedoColour: [0, 0.443548679, 1]
Roughness: 1
Metallness: 0.437999994