AssetType: Material
ID: 5634022354863745560
AlbedoColour: [0.0839295536, 0.358870983, 0]
Roughness: 0
Metallness: 0