AssetType: Material
ID: 9010836309271670693
AlbedoColour: [0.786290288, 0.0665810183, 0.0665810183]
Roughness: 0
Metallness: 0
Tiling: [1, 1]
Offset: [0, 0]
UsePBR: false
AlbedoTexture: 0
NormalTexture: 0
MetallicTexture: 0
RoughnessTexture: 0