AssetType: Material
ID: 9010836309271670693
AlbedoColour: [1, 0.0927419066, 0.0927419066]
Roughness: 0
Metallness: 1