AssetType: Material
ID: 15178313566187308241
AlbedoColour: [0.234879032, 0.513324261, 0.939516127]
Roughness: 0
Metallness: 0
UsePBR: false