AssetType: Material
ID: 15178313566187308241
AlbedoColour: [0.234879032, 0.513324261, 0.939516127]
Roughness: 0
Metallness: 0
Tiling: [0, 0]
Offset: [0, 0]
AlbedoTexture: 0
NormalTexture: 0
MetallicTexture: 0
RoughnessTexture: 0