AssetType: Material
ID: 17275110330326612509
AlbedoColour: [0.455645144, 0.710262895, 1]
Roughness: 0
Metallness: 0
Tiling: [1, 1]
Offset: [0, 0]
AlbedoTexture: 0
NormalTexture: 0
MetallicTexture: 0
RoughnessTexture: 0