AssetType: Material
ID: 17275110330326612509
AlbedoColour: [1, 0.189516127, 0.189516127]
Roughness: 0
Metallness: 1
Tiling: [1, 1]
Offset: [0, 0]
AlbedoTexture: 0
NormalTexture: 0
MetallicTexture: 0
RoughnessTexture: 0