AssetType: Material
ID: 17275110330326612509
AlbedoColour: [1, 0, 0]
Roughness: 0.137999997
Metallness: 0.54400003
Tiling: [1, 1]
Offset: [0, 0]
AlbedoTexture: 0
NormalTexture: 0
MetallicTexture: 0
RoughnessTexture: 0