AssetType: Material
ID: 17275110330326612509
AlbedoColour: [0.0564516187, 0.292338729, 1]
Roughness: 0.5
Metallness: 0
Tiling: [1, 1]
Offset: [0, 0]
AlbedoTexture: 0
NormalTexture: 0
MetallicTexture: 0
RoughnessTexture: 0