AssetType: Material
ID: 13329416995872930766
AlbedoColour: [0.830645144, 0.830645144, 0.830645144]
Roughness: 0
Metallness: 0
Tiling: [1, 1]
Offset: [0, 0]
UsePBR: false
AlbedoTexture: 0
NormalTexture: 0
MetallicTexture: 0
RoughnessTexture: 0