AssetType: Material
ID: 6008439512829965240
AlbedoColour: [0.798428953, 0.842741966, 0.343213499]
Roughness: 0
Metallness: 0
UsePBR: false