AssetType: Material
ID: 13160454234233335263
AlbedoColour: [0.324448824, 0.899193525, 0.213921055]
Roughness: 0
Metallness: 0
Tiling: [1, 1]
Offset: [0, 0]
UsePBR: false
AlbedoTexture: 0
NormalTexture: 0
MetallicTexture: 0
RoughnessTexture: 0