AssetTypeString: AssetType::MaterialAsset
AssetType: 3
ID: 10747
Colour: [0.92338711, 0.667858243, 0.0670200214, 1]