AssetType: Material
ID: 14983098330679523653
AlbedoColour: [0.806451619, 0.0195109081, 0.0195109081]
Roughness: 0.400000006
Metallness: 0
Emission: 1
Tiling: [0, 0]
Offset: [0, 0]
AlbedoTexture: 0
NormalTexture: 0
MetallicTexture: 0
RoughnessTexture: 0