AssetType: Material
ID: 14983098330679523653
AlbedoColour: [0.411290348, 0.152575448, 0.152575448]
Roughness: 0
Metallness: 1
Emission: 0
Tiling: [0, 0]
Offset: [0, 0]
AlbedoTexture: 0
NormalTexture: 0
MetallicTexture: 0
RoughnessTexture: 0