AssetType: Material
ID: 3650405502933676885
AlbedoColour: [0.991935492, 0, 0]
Roughness: 0.400000006
Metallness: 0
Emission: 0.5
Tiling: [0, 0]
Offset: [0, 0]
AlbedoTexture: 0
NormalTexture: 0
MetallicTexture: 0
RoughnessTexture: 0