AssetType: Material
ID: 14268173759466256543
AlbedoColour: [0.912005663, 1, 0.00806450844]
Roughness: 1
Metallness: 0
Emission: 1.10000002
Tiling: [0, 0]
Offset: [0, 0]
AlbedoTexture: 0
NormalTexture: 0
MetallicTexture: 0
RoughnessTexture: 0